33963
96865
7494
20553
53721
4860
9459
69918
27603
30076
16892
62072
32557
74661
71111
57834
58765
86782
58453
13990
40441
29831
94375
3950
48029
25281
45756
96098
65375
7750
61626
25545
1144
6615
83404
74734
43883
98739
12166
68650
7108
11443
59863
58252
48495
15976
28207
64565
27264
41565
24872
55572
90558
62236
24060
24423
15471
52249
7895
62926
20431
48467
67446
84345
82333
54030
67535
81545
37773
43745
96753
33346
55636
97616
1210
32557
15292
94081
28713
41463
81393
14611
27858
94490
53229
63920
3913
65475
70389
33732
33697
21408
10068
72104
25213
78821
66585
35163
72404
86777
93260
38927
33058
24959
21566
57287
91361
85649
30654
77508
14375
25627
27015
8877
2806
86394
86662
10587
86439
34870
77118
58256
76734
25116
90405
86473
17675
92063
28710
74211
29458
22712
64299
62499
54094
77563
66082
84446
93097
9754
23188
51744
93995
86567
79592
72050
17306
64331
31195
93205
81316
62864
99818
89329
53340
79125
55112
64561
70606
87294
19742
85280
79263
50690
7564
44397
57962
50214
96061
92452
87862
40136
8054
26172
63966
56671
32810
14733
86578
96358
72564
63289
45991
977
24906
85714
17614
96783
18683
73369
74836
95936
74202
12927
84469
21542
4118
63807
26317
40362
44060
90466
69559
90404
9229
39700
38419
5749
81758
69152
37521
58252
14876
93859
29122
82579
28922
18894
84176
16541
30974
39545
53762
58264
15982
30882
8390
42149
34048
44103
38315
29483
78218
18487
35203
37146
25400
17173
90235
36744
35166
25612
54305
74372
62320
38071
62753
91603
87666
6967
80407
63260
57400
55316
10132
75427
73225
65738
64853
70216
89035
89817
11993
13578
36589
75427
93887
10047
28054
83287
39262
58897
26002
52286
107
29661
87849
39284
32905
45241
79921
63211
69645
88519
33398
16087
58672
10769
98499
14902
89998
54318
6317
7916
25147
34318
83938
57896
60937
12328
65912
45070
57296
49420
91656
95931
91292
35843
57186
93546
21454
41764
26939
39732
97991
23896
95537
32104
51470
42980
30849
41621
94143
92363
18618
42649
814
54841
54994
60188
7162
59252
20365
69243
85875
27798
48156
50132
92925
82223
12730
37002
31665
69777
1415
64372
55881
23826
23417
75175
81046
88389
65842
9694
31205
36737
22910
41089
42311
80086
55220
52083
14199
59582
94341
3251
54696
4641
648
17881
67064
80335
23066
14423
89545
29641
92046
64102
14146
84656
68889
46934
14059
74355
65308
24122
12330
739
62229
7933
47861
86070
56366
96835
49129
98248
95509
61699
15954
71916
67015
18762
59349
53864
702
85389
70501
56271
33711
64965
22160
40135
59524
84424
64115
57766
95947
70804
16504
27908
69916
33156
14882
31345
97237
26125
43832
44055
56146
27295
87143
17086
69970
57214
37217
29625
1309
81171
49192
46206
94302
1014
21935
98217
42155
93534
68984
88772
25045
67038
91942
97740
53626
15427
55527
15499
11606
48532
18705
66453
52229
8592
16287
92482
31839
55311
43211
6158
62813
45294
29661
18976
16785
62817
42804
79060
80582
82255
1152
13511
67561
40185
49056
91536
14711
85361
77880
61926
94201
44529
25579
64040
24799
35744
2170
44804
97423
73573
61052
38812
59220
41807
15653
52755
70745
13016
72182
57667
77227
20282
35670
41048
14353
69952
57549
75610
42457
59116
82643
99273
74201
45384
8547
16117
50446
15231
45175
40221
30533
42538
11996
80647
37423
78189
88952
45219
60196
72710
78896
53926
86146
15143
55480
24120
30621
37100
14706
85884
69967
79457
36311
27007
39755
63537
94349
71393
10791
173
45704
57272
55714
59347
98518
43223
17304
39986
46917
42746
42496
67876
37680
26787
39983
26059
52074
86803
33764
93626
563
45533
76681
56276
51636
4651
47424
43911
60747
95150
64953
52451
8867
57865
47210
3819
6115
39139
90873
89819
46968
38294
10136
29224
99955
54940
51249
69403
68827
28861
2451
61597
27898
29796
77605
89588
42063
84518
38012
21313
45774
27426
42835
77833
46173
47427
1998
50473
56029
85437
68140
88016
63376
66759
4539
72955
92548
94159
58152
99795
38775
19972
57973
8125
76279
6437
68971
11061
21054
47143
40436
85155
4563
10616
66931
10570
38504
44200
8934
12056
61294
48529
24683
94761
34139
42298
92835
43221
2821
71654
90370
4213
56514
6969
89581
53234
49659
60169
52692
5345
99906
25247
202
70630
17627
60563
18512
19059
12038
39613
14749
77162
60245
30826
353
92934
87417
64193
90407
5948
61524
28243
42198
52178
41571
55479
20657
51491
15088
9341
6300
57804
2135
38527
69880
14368
20154
71440
64459
98029
24160
5228
25083
22837
57215
41918
50975
20925
66261
51191
48447
60054
21431
14659
14722
10483
60388
45347
8465
28515
63611
87739
41763
79071
38692
72680
30210
12717
57838
73425
31045
38120
56874
32445
74294
9379
10718
91514
90288
35423
48821
21620
10848
90719
38426
11812
59674
93405
65100
82586
13368
13182
42307
48822
4356
22980
92454
17171
32626
81421
35656
68221
29017
47313
25183
64597
93822
65214
67825
13731
3515
29111
68039
58763
69883
56457
7426
54986
79257
65854
71612
25081
43017
43040
63334
69554
24193
79613
28059
66351
67021
20509
54218
80104
49182
71698
31713
1299
45599
89548
70840
21389
47421
69883
41771
130
50082
31816
17341
89749
8987
25560
31027
43150
11684
38307
22569
28967
17616
59907
31626
88654
40146
46527
74079
86613
51634
3779
86004
87042
49806
62
50286
67452
93782
48099
86215
50835
54787
56726
61466
40583
46589
67108
12581
23236
83963
31392
79308
12641
90433
87782
35788
44746
3164
67160
17071
68772
92236
2308
60048
61191
71620
22540
67967
59610
82818
78894
63654
47163
86144
97541
46506
73427
6375
78985
63240
77768
45472
21781
79545
58335
91768
61206
42068
36197
56846
39380
85106
72244
27327
55010
89703
26197
95338
4197
95735
71359
43515
551
98377
20724
31346
66560
30064
38711
56420
92029
54613
26852
16028
57923
41990
20995
11063
71011
65601
59688
91826
67954
43917
34255
25777
31529
9393
26501
43512
97345
76591
97196
10198
3343
127
84990
36761
8462
50689
44832
28120
65530
97589
73040
91582
57449
60859
13001
29274
11076
4422
70511
49652
62873
15600
63921
19803
46399
72206
82472
83589
72033
21451
45502
57774
3019
17837
47540
30002
76328
15151
20121
75800
82377
74114
9469
49098
25705
39417
32997
1289
8133
49895
29479
48482
71318
11594
34104
71066
64812
54226
92403
63509
35138
20968
49224
96873
80996
16559
84945
51278
76413
40325
62007
17233
96795
38460
57051
7808
7936
58811
54747
51374
26398
25862
22176
35451
24446
45006
72161
79016
60484
29549
20371
60021
73784
26065
43474
30825
95636
92681
38373
57298
74670
82046
83154
49444
29735
12759
63773
37716
74160
51216
47352
14895
91357
52532
52474
56233
12445
6310
81420
46381
94139
69589
86556
69382
85914
83112
95206
83180
64069
92141
94957
5046
83294
28065
24254
47454
27693
73864
7929
38634
89989
91706
54349
68471
28854
79789
46267
10525
15980
42127
51035
6345
93465
85479
38074
78414
45542
86646
24476
85592
63546
83029
15869
17812
58487
68521
47584
12749
79075
86975
22414
77021
88061
16796
51953
61000
86179
85978
5207
26985
34231
59853
24555
79606
77497
29372
61334
53140
47624
87817
39825
59882
26380
12149
81187
65746
32050
82857
45176
89857
34052
53182
51553
16413
57579
45894
49017
81822
27606
85710
17996
68708
4592
34780
27744
11277
6834
1038
30661
41801
9707
76539
14532
34392
22794
86475
6574
24510
3636
94215
64702
54003
47618
91310
71333
29720
57578
54294
58931
26255
37184
15105
59237
75501
73385
10751
16011
8252
67201
68311
7334
7446
15169
10507
79780
80469
48356
29452
77071
1048
59112
75861
6001
14881
84584
88014
65783
89913
23134
96194
40744
97148
37250
67347
49599
9983
55919
10973
44428
98606
37419
12379
96758
75664
74719
96722
92838
89256
38165
43170
50541
21628
64369
93958
95961
22609
2392
1064
39358
35255
76318
53674
24784
43911
64627
42210
34482
782
51122
10609
16242
65550
19051
79764
58508
57838
63558
76780
15720
17015
89942
93111
65244
91159
34495
36723
50164
6806
95301
31730
81337
50211
53294
6295
79676
83157
32580
81202
68424
6950
55279
77554
20853
39535
54856
79567
78747
3587
95102
77860
48783
67735
25580
89498
51174
32493
93849
5828
60123
16487
83302
80086
79223
57127
73655
42584
88020
31188
44447
39263
16828
44944
74236
88395
81034
28121
31589
47861
22121
16945
2493
72780
35527
57287
18163
70658
64048
68906
25913
67914
48555
77089
94431
95772
75451
98433
78394
16132
25603
77398
99478
22912
94983
57467
43767
96684
69233
24702
41100
41466
22035
86288
34890
1972
96016
83686
9322
84022
73390
54477
77416
3323
4492
93781
71161
46256
81111
33108
52203
7802
51144
94938
67362
377
10342
45029
59618
34180
25581
53801
38027
36414
77334
98786
33938
90273
34318
21112
87894
3025
73870
99823
81526
80659
69194
5701
23265
35067
61821
82435
73758
81603
76825
16498
2648
51573
83377
57487
80621
10444
2698
53510
3902
1528
91071
14242
57479
83962
10501
18569
15046
37433
2451
87919
6111
89849
15288
30631
7987
36581
71099
55847
76987
34297
76423
68266
82464
93654
87434
18068
608
88743
97712
65385
80192
4403
34772
57642
62511
2796
59759
79507
48230
19002
47168
41094
87991
40064
84215
28830
78898
22137
38543
14409
68099
85249
97916
49985
45923
88004
90016
40519
28385
32945
2717
10117
13980
36416
85763
22967
18934
9857
96546
13727
83621
92228
6630
22254
97220
15174
12714
65239
75900
92626
41653
54511
96007
45932
12641
64349
72020
82996
99194
52851
81587
49453
91660
61282
19888
7133
30810
26207
49829
11187
49418
64598
33276
24352
96506
8621
71077
56277
35934
17268
28138
35412
54746
82990
70612
99829
3942
72358
41322
56735
57877
5186
42041
20765
88112
57619
30819
42036
38173
59207
87162
36246
32142
21214
72937
57811
96010
70350
43967
79985
91611
30694
99949
11456
2665
25430
16884
27606
56890
2475
21548
16690
14107
80203
42471
75822
90322
72778
51787
20677
86708
5783
40459
39551
61746
18560
84445
89883
22425
18260
30191
19799
88038
99902
7047
65645
84743
54949
88894
33054
78850
90842
52319
70036
93308
46413
64434
57291
96598
53794
12462
90282
62091
40806
40197
25862
67365
1486
41706
95503
40301
29732
84601
94789
34200
47580
11067
9080
22293
7959
8625
11005
57831
8632
65317
48743
93129
33682
2891
54402
1435
60654
8459
68449
32649
72074
32688
11912
36010
16405
65625
60813
87507
25524
49652
13286
63249
38982
21628
40365
81153
92057
75375
96884
75787
76647
4447
36523
27681
75735
99883
80944
901
47212
80297
38618
11361
50026
96747
9384
98303
40481
78518
54223
68862
4280
28730
19759
7299
32819
17947
14830
51640
41605
53875
98864
88445
58320
36207
70655
69703
98300
23334
55652
94912
23706
54650
6443
50838
72448
67923
85950
68932
66576
7966
97215
80331
56506
94237
96034
97369
62330
61774
50805
48614
44766
36629
83894
13277
83277
5064
12796
92202
50865
95503
48305
38630
35349
68954
28963
14641
54172
15745
73444
70331
4448
77082
15678
49328
44657
75606
3114
56200
96524
72210
56697
89354
85467
56326
72728
43827
83476
73983
77241
46500
88806
85208
25702
77667
35542
73022
11529
21202
49447
28848
17420
86793
13846
59086
23851
48472
27243
46902
73289
96966
84863
5640
76357
2763
29142
54028
10916
73969
28432
9125
91412
8579
20663
22523
2291
28401
24703
92352
93886
1686
88642
34334
3123
27139
42292
35497
81588
43829
78071
68851
74718
28208
42233
527
86384
55780
35864
96645
98862
61479
14445
56299
93738
28229
30150
31737
28855
46137
35996
17849
5128
75667
17520
44125
58554
93497
2836
48860
78001
95057
78761
27260
80126
66776
69339
30395
60789
33825
67426
7962
9710
28234
64180
69000
74706
16208
53296
91674
77905
3570
52859
20320
23187
91695
77689
38626
52464
92143
13935
77150
5501
37694
43764
72334
91239
34082
64927
51442
87356
21684
37483
87562
24519
68525
49209
50924
63406
79512
53266
63907
64864
65225
50400
71438
72813
29519
71084
4198
84923
35613
31381
26804
63323
46622
22510
94869
81454
66100
95185
20646
37893
1055
89810
57348
52131
86984
54098
44274
7577
17900
44006
94747
76650
9654
48971
77621
62999
52368
75097
43459
36244
8347
91943
3279
60772
16642
2832
98286
11396
16636
47585
75564
47076
96043
75643
65288
28350
25831
98216
75034
54972
74118
77628
31344
23472
87655
47759
10786
16244
7398
28029
70167
77726
20529
64680
72980
43930
64417
69930
60001
96597
77229
26170
38560
32790
13388
77756
58215
90304
82536
39897
92616
80867
77744
54465
26152
45973
6814
83083
65728
72701
16497
9912
61529
11221
82771
63774
13095
18869
63325
88828
16122
67980
79744
88719
25851
93618
41043
44690
82229
83998
37092
75069
31099
20855
21253
23381
27871
34267
90689
37159
28957
46336
25716
19639
18751
97722
25013
64116
11548
61619
89973
8366
92818
61427
98357
69033
63799
92443
14025
12660
20863
20055
1663
60660
36681
54654
9916
63957
25760
71248
79198
49185
21958
71647
64746
70207
63605
33011
56975
64084
28318
66235
21591
79653
6752
11170
17390
58044
41959
83393
82062
51923
76667
98174
41016
21581
95127
66715
82799
56176
42640
32128
56930
46425
23870
98281
229
9891
54929
57762
9442
74707
60779
65906
72174
9268
48638
30542
41899
19716
14833
73219
62852
24694
91804
18327
26252
67472
81544
36328
16245
92567
12659
56872
19230
32379
583
97735
9944
1171
69757
26572
15304
4441
48558
73933
8008
75780
7200
53524
32906
80869
90863
5279
14706
34901
17717
6858
45883
28292
47007
98024
78091
16127
82432
16790
85886
27520
85744
88646
7448
48776
4028
7378
35565
93006
35005
4731
95870
28764
61655
20053
24740
77265
35879
30091
17947
96903
9224
6956
1220
42265
53364
93299
68876
86705
7758
69137
99371
67563
71177
89889
88228
1467
77172
29942
84697
69501
585
49097
15476
60326
88265
2387
48617
47350
89297
32225
23865
31270
25859
56298
30838
95790
73216
10896
44626
62158
42892
66240
92113
42915
36890
20165
12557
31161
48338
10437
92889
37833
36246
81322
93253
19385
83020
18
2657
28131
64039
70537
17262
90752
42054
36455
26528
6536
10975
67826
52220
51833
31300
29563
83273
52814
67094
84451
60428
81323
89869
55176
6093
74821
84346
73304
6184
11904
36370
1153
50357
60609
59357
47459
53680
20346
94755
14991
85296
56817
93711
12483
33380
36577
39720
90707
46221
63045
43587
69349
96917
88021
58742
26714
52923
88388
65819
11727
45200
73740
30394
43744
28153
83027
60380
59899
1642
42524
10805
98550
12958
62303
70376
24713
50826
44554
48343
76321
3707
23080
76689
23440
13117
19195
27387
72471
82911
57993
37490
48242
3204
32808
41556
38040
10857
58289
51031
69115
90148
43767
56150
94603
54634
56073
31574
13343
39328
29311
33393
29041
93756
84687
77647
82343
3245
43631
73627
79054
94543
4632
23638
32199
62200
5165
23482
24599
71581
11186
88321
18990
87616
58394
56574
51578
37718
32014
987
94061
78114
83722
88524
32805
11362
58241
30879
71181
70445
82095
65754
65337
91642
80145
80354
10755
75773
77213
81490
86455
34692
53536
89909
63308
97519
88993
35107
78119
59277
18548
64268
9038
76321
43825
51440
90544
30677
91970
49088
33653
85653
62394
46992
24921
84142
28501
42183
50138
70450
18381
89434
88606
27749
3541
71193
39944
87104
15908
97711
72781
68331
75545
93414
371
79061
86616
20755
64314
55545
86312
13487
71675
56360
17673
35362
27221
34681
57623
33932
36137
85620
54177
81189
84304
40553
94352
64437
15789
11541
53054
71138
79759
57763
72339
14735
16348
81983
35980
41179
90521
82089
5843
66752
92644
16270
90858
16205
62940
67816
35469
70428
52041
31589
52473
19809
61825
82931
57394
22932
36467
44114
29176
3765
28179
19843
8882
58718
90236
42996
57886
24753
86125
28930
65061
8795
30
3031
41773
43757
6631
95227
63173
73051
58774
86433
46845
20290
1548
67353
4268
539
14807
137
39538
70209
55982
88294
92347
43684
20364
88064
8323
87248
34018
25164
50074
30553
68892
36909
78207
90686
68083
36323
49192
4398
58096
63672
2884
7119
17576
85951
40496
81229
51122
74220
94181
7374
41396
89663
6506
71328
78050
10167
60942
14962
52295
88631
83846
81752
16637
41110
11210
2435
71744
40478
13079
54732
92087
57767
10149
52658
30244
89772
14533
55204
85849
82309
37563
86816
10397
72401
46515
24714
98294
32549
98308
20554
74716
29921
46308
85095
21063
72632
76028
24957
7335
18038
99743
2646
48686
98369
5429
25543
23842
39952
69750
72217
79124
25816
62060
86209
37740
46281
11888
4871
18078
75632
16738
82432
95109
60433
51900
27774
35328
64363
15338
13587
75883
75697
13918
79003
89651
7251
71159
44537
73286
33144
8723
83479
97096
91183
30679
39041
31310
76445
63914
56683
49265
41348
84135
97447
25154
23811
59636
50744
15966
21557
6736
72122
69482
44397
20231
52885
66029
77403
51688
42362
6143
73705
96053
81430
44439
47012
85014
14759
72219
58545
6474
89464
77155
70276
96257
71251
24306
87568
13956
77328
24640
12417
95452
1011
42921
86399
47050
69490
95120
22392
24322
7031
67174
60289
67858
93261
15261
13166
98269
45729
42034
23852
72637
30785
35848
96495
81578
10730
34417
18864
90746
54467
7401
68479
26167
64743
14501
17285
76699
78208
45342
37627
69123
40405
30836
41089
87433
62525
61328
83867
83518
30559
64517
81662
64796
11559
42131
12355
87483
47619
50337
60753
5605
22268
53565
89729
25652
72798
29453
80794
60023
38832
4954
83050
33956
93273
50736
1803
49882
91253
35113
49278
73766
16582
80569
47883
15313
91921
94688
89481
7729
40627
3068
72245
45351
25613
26280
79200
16495
50874
90988
44812
89162
93036
65988
1110
12524
87755
58639
54165
30852
56672
17489
87012
35367
69026
68586
31199
47418
53446
56791
92079
79351
85687
86722
51419
98073
86229
22808
18295
86331
8044
17687
74469
29692
2866
41183
36482
71323
90474
59049
35842
3669
69177
16833
86227
92315
71808
27683
87506
16373
86459
63863
85611
69282
95146
9000
83310
14559
73736
80881
60133
69551
71314
96527
21185
22657
26143
52046
87706
83037
6009
59263
60567
48284
47679
96969
91543
22191
9171
41251
79450
74421
24412
42754
96593
12956
56438
3964
93113
86440
68495
19008
20440
11724
78656
53132
99374
20462
64758
21152
72570
45122
46632
32436
69491
86054
74559
84922
47567
63656
22382
38275
5227
13366
19617
59032
39034
53263
48789
38646
45025
63533
66340
69492
81320
23540
53033
34625
38249
38251
12968
92897
66083
23654
81654
98452
33454
69254
45537
93223
4061
6934
73534
68153
41785
54860
72044
26952
97426
59804
47938
75700
72895
96474
59413
36019
64784
41588
1220
42911
12023
52392
16461
15258
61108
96467
7940
52073
5118
42170
98620
4650
44809
66596
56842
29001
82069
67583
62410
5612
56406
74816
3125
29337
77395
5643
29093
81078
33801
36882
97214
625
29146
40765
79912
18946
86130
33675
49406
76918
58295
64292
80430
20162
70291
41456
59740
26352
98690
5740
84872
13103
39023
56524
39990
23586
66790
20609
38042
15349
34586
14789
54793
58632
29639
46026
34978
29933
65929
59704
69528
12510
21692
71881
12006
75731
98476
15088
26569
52715
55386
75467
83131
60725
60669
59176
11562
72275
66452
47001
4198
38788
35563
92818
52252
95433
64191
35707
72783
44713
90854
38372
79840
52465
53056
39102
25273
707
65727
3081
14589
23574
29544
5970
34442
12868
64044
98032
25570
37985
39682
45850
90588
13786
9312
16137
59314
86295
39951
83650
38192
88931
31616
47849
58895
29935
33681
19922
21261
89080
66265
18386
5154
54703
49636
94039
35483
65929
61849
70120
53137
34203
22044
2133
4001
81384
23839
28931
43089
83530
7538
65608
29621
52166
26911
77640
81282
9059
17700
17268
87314
89019
74224
88715
56830
54778
77189
84024
61972
75671
22524
47325
99409
81674
47325
22535
62540
407
74490
96824
61365
83358
76343
8985
37539
11353
65006
99320
30
63091
79905
13290
77753
43618
93504
90471
32423
37143
98926
92126
26691
50499
72493
7206
10973
9961
33667
69983
97168
78348
45444
31749
51213
35710
78631
95140
42667
24663
62701
40503
14208
48316
88586
63903
15132
78
33132
72565
53847
18878
52637
58830
68439
59897
64559
56022
94507
9028
77225
70700
61419
80538
57399
8020
72593
91127
89189
43407
48825
17293
50804
92579
71725
3957
28903
55968
37955
77648
19119
71282
75066
13645
63138
30074
18452
43564
79337
33255
99402
85227
19424
38044
3405
10391
22779
50780
25360
14018
23727
4031
35632
68582
12675
93263
64978
70938
17889
95723
36115
91968
39634
94499
50635
69330
20037
77478
9129
41507
41635
34755
37649
94996
85968
85821
34813
74621
43228
29525
16112
59325
85161
7890
35389
20772
8596
58789
83716
70545
36855
88675
72731
93557
1747
81785
96453
33529
29763
39874
81058
79389
10746
88684
20497
21263
33916
26825
57693
17022
6764
64210
33505
97438
17446
35075
78611
65636
99158
96254
1749
40885
43648
60381
61778
46156
53233
49263
43111
2410
69146
97418
52428
19854
49918
39630
47412
25016
89798
73260
76011
4172
87155
80085
48035
1295
70316
29289
44585
80142
1580
58608
48548
60680
47090
3797
97449
72316
45590
35335
83154
97516
91863
21111
67532
71060
83949
50361
81386
33368
29686
72878
2808
78066
67871
54869
2427
45824
8415
41375
23405
27519
32732
64820
26540
53342
49828
65163
60552
60346
65764
15480
5613
21237
92753
49028
24837
54364
83520
68123
15295
19898
46075
31390
6048
86697
70557
5387
34511
35400
85379
41627
67113
51930
95578
35811
10903
83696
44671
70319
75145
22648
87220
88290
17198
17472
23927
19255
10034
65821
28469
3475
61763
83285
60136
86419
3792
87734
84516
49158
9188
65474
92722
50804
61001
88034
22601
86856
22298
17304
55758
78600
87004
40200
4419
83943
18517
62317
16917
87487
76029
15676
48096
94155
17158
45169
19604
20900
51923
38247
77686
42601
98450
71991
73251
41093
7516
69577
12255
33928
45700
74763
30537
92899
19721
40110
48699
84119
3717
87147
29793
47824
45072
5450
66219
44162
37387
62377
27630
33599
89087
21907
12501
60540
73945
3979
3703
54398
87703
69472
69046
76225
13095
30001
42261
18884
4182
6984
36327
434
54157
58138
7851
76281
42703
47094
81950
69726
53935
56689
24044
70263
34170
58850
87666
46379
4311
23279
12623
43265
73445
39152
34037
19038
83132
42171
87796
21455
46586
37405
90401
87927
73033
74488
88453
7928
17655
57538
59326
33435
49182
6882
98230
80520
76696
64517
57094
40715
44775
31025
25897
93686
39725
53757
89992
20802
50110
80900
97393
69630
76941
62075
17401
38342
83800
43214
88873
19852
51831
48160
2549
62612
33375
85534
77256
74872
35895
39504
49266
4948
96882
10566
56238
56637
58227
3872
81042
44024
33402
70887
57076
6638
55622
90511
33989
20927
55658
35269
46915
84039
54129
50021
15704
87972
355
28580
98574
44326
82732
75699
42132
58958
43152
96550
9612
90508
69315
34397
55722
16202
75546
21868
44409
81839
68907
37473
89568
71282
34279
91466
2296
42731
52866
74250
67477
66823
14785
66765
96066
98825
30389
21380
85311
24448
29905
60712
56324
15590
40132
95960
68826
75371
33101
77090
70605
27811
64847
73211
16015
39499
36427
69792
13847
76360
51464
44770
91054
78630
38401
19646
67371
24647
99801
24951
60772
56464
45197
65834
15114
5028
21289
45215
72650
56248
85010
39802
55277
62896
92862
56045
47558
51135
54351
44635
78536
25714
91006
37955
43292
26685
55405
28637
95964
44386
85325
15572
7362
80111
87876
689
22363
26546
86118
99933
80636
89735
39429
51493
73195
38779
8691
89841
51955
53957
5955
37625
48420
32087
14074
90127
26010
90111
95023
61292
13979
49317
67167
67031
79995
32725
82296
8393
65507
19616
54951
21935
4468
36904
83303
49575
88784
15030
17026
23872
98022
16021
18039
99459
71248
54775
15824
42566
2854
89784
16047
42873
7568
42497
45554
73876
40838
4322
54044
13944
20956
89306
92130
93472
61545
86716
85049
75257
90185
52340
29626
28752
57315
15287
23475
43916
39807
65377
47882
8542
17150
78562
60442
15709
20741
27139
23853
68238
51031
97580
22362
69352
78238
54632
25852
64184
47473
53363
98320
53382
72065
53566
74792
92117
61132
12091
97897
10625
42376
58451
93007
73444
131
1943
14500
97730
48770
60436
94500
54953
17794
85058
19023
22268
82874
59760
56281
58701
71564
1360
99832
49439
50852
51778
59051
17934
8597
12679
46539
24926
67486
10839
36850
8398
39927
82307
73522
27245
59638
86781
50966
4561
17655
35646
82305
93386
25848
12254
22299
91933
52141
20261
69418
21628
42097
81615
60176
58733
13291
1362
53581
94444
88220
21080
5352
52334
34609
31506
7540
10440
98041
73152
97799
48791
95205
87546
22541
26214
22919
23529
75641
94978
68480
27726
67350
18344
51565
93590
4336
22849
40628
93916
25835
11621
15810
42876
33443
53719
57562
80614
29024
64606
83421
20631
43212
6037
76187
57723
97938
47976
52862
6351
36474
11281
71414
36987
37585
73135
46396
63986
42066
25954
81927
69507
72979
39457
14134
69923
11393
66901
90343
13352
27256
15844
49529
51048
57935
56490
55190
85017
99042
31488
80458
45155
23356
19391
5111
78453
38622
60263
15114
8662
54601
38375
96170
36710
64905
70661
99316
4799
6080
23826
66964
97557
83021
26349
49404
44561
40444
28385
76842
14634
85166
20837
88559
23122
85854
82075
65970
18239
69163
94222
65801
97452
56577
13361
72694
68693
42220
9050
3512
95463
7715
23798
58102
55032
67178
56495
96561
18934
51817
87308
31736
1946
53334
71076
93798
91316
73979
45456
50851
15012
86290
84225
68235
64497
29952
96763
28019
44081
99284
77162
95466
97121
41208
12725
66971
81967
12311
65115
75727
84895
45889
9328
94817
18589
4840
50931
36626
3050
3347
16826
56832
46132
61740
80118
22080
60381
20454
97216
49960
12703
29775
77109
86155
51309
5856
93987
59284
90172
53089
31515
42586
4760
67638
53106
91752
15386
55914
67299
96768
12029
13740
97332
9184
42673
72737
78400
76417
38189
33192
58088
78043
80599
67880
85200
35348
67975
88558
90075
93870
5556
45957
82704
28289
43810
85066
52173
36824
7326
39651
29148
96726
44444
93747
72930
31299
92777
42792
12843
26341
70179
81848
12007
99414
70899
8307
92564
36995
58469
62307
42431
67912
11812
46020
66601
98916
44642
74300
76301
3659
69513
16875
91867
35549
47503
83357
41875
83582
27868
54485
34012
90946
20425
27121
47137
17102
1119
61452
24511
52082
87304
15017
11314
77732
65871
9440
71773
98749
20318
10626
81877
25529
5689
86096
45439
93949
78590
52830
6077
35441
38932
37125
15911
86134
40508
37724
54755
16409
14373
59865
97567
94257
16121
44168
88433
53669
87681
47503
22194
42606
30832
5128
69747
25209
51457
3953
13382
62303
90854
15341
55281
24654
1194
30556
72822
49946
79412
61430
57592
38780
20168
28908
18604
30915
32176
24149
14208
65732
8056
36664
88936
12291
27810
10368
47786
2780
50336
66114
60571
76255
92096
74452
12141
54150
98929
99684
15200
75689
17836
55174
96797
90295
83557
74929
77428
11131
89775
11937
26388
8683
54016
26097
3373
71218
64865
48793
96033
532
78924
39433
57656
84668
15068
63351
32585
97080
66157
68871
24067
10712
60787
24049
47562
37161
74879
33144
4220
40411
6929
96696
42371
22978
14415
19178
46806
90711
83678
84029
96764
80733
64019
54073
35617
6645
72909
10624
68899
41744
73960
90043
70680
15074
55035
83420
97872
80312
59513
1364
29125
2101
25105
41497
89515
2903
33884
31531
59259
34121
25754
15735
93328
37712
16878
31476
51905
16342
31776
13597
31746
1380
30593
41641
19869
10055
43614
7698
39132
20508
65404
44891
60008
6936
19925
44542
17080
23202
20281
38121
12579
97726
8611
70045
68520
11351
63367
77202
71666
12368
7276
96726
57859
35429
44556
38034
79889
73496
48386
21546
65764
70375
72831
17764
10083
53717
5996
48884
44253
3487
45802
95257
21870
44341
82697
26293
13822
81614
36194
18318
28653
12397
91438
96456
51150
36217
53654
50534
45296
25403
94566
92879
60063
94663
65147
27749
7256
6947
73318
61567
62890
92388
99792
16570
69605
62333
59250
63770
6423
54573
20384
31153
47641
13708
59617
85300
44860
88755
53546
30647
42547
80430
72603
71698
87908
93221
44612
65886
72754
76897
84505
88275
12225
32262
47922
59228
5829
36970
91316
23838
63490
50085
99981
46330
34964
74217
5626
62793
50975
45673
52832
99880
54106
67815
75
32250
59784
25428
88868
48101
30068
99038
17956
47302
48561
48708
17219
23303
11869
17908
24872
32707
29223
53608
70356
12553
49102
34206
60987
52601
62911
50590
23552
8413
95559
49910
51304
22304
67774
66443
92936
42760
15929
95775
91808
14410
89255
74979
94328
25421
96884
11848
76913
898
8897
5779
50646
31583
39758
79848
23145
35966
44937
77023
85003
83775
69565
83941
86190
4883
39004
33457
26610
54450
74256
25698
23458
13813
71254
35970
53814
40480
86839
53330
24640
65242
7843
22722
60289
26774
30873
23491
59173
88661
82479
64480
29341
58771
70225
56350
65989
4339
38930
55329
19313
89550
14747
29250
71349
51276
67491
21189
52971
4389
11510
65427
63056
29672
69913
27437
12921
80754
12281
56866
92628
86522
33937
89803
74948
58118
28254
26768
32343
46141
90451
72996
99058
62065
89113
59110
19711
54050
66716
36959
58120
16627
48440
93569
61445
67060
12972
89925
76232
90818
49759
39016
54047
50305
70216
33711
36489
16507
93844
72372
73360
9635
11543
29040
25693
57137
68575
30636
20337
99045
13055
96283
56636
7074
72149
93535
55973
57238
70345
96778
17361
63633
72640
9983
11337
19219
88829
67838
99702
4093
38558
41577
80980
9033
22294
5755
62252
34270
46846
81299
33487
84355
763
74108
29455
36722
98301
92189
65984
85392
9955
34421
12700
77822
72206
64824
25972
86177
11906
24531
26665
96431
40261
83582
71024
48227
391
17150
71945
36396
82300
51178
64059
10019
81710
18106
58395
49806
39641
15469
34924
93410
96342
94638
25552
29864
99852
93224
21712
25125
8087
40448
19484
40341
95608
80936
78716
14837
2070
18289
39233
46605
68632
22608
92073
60271
98040
68407
1273
13787
85579
86330
41593
27126
864
6550
51339
52311
98198
41047
4623
37338
41096
79511
3033
30923
23235
52827
95205
11741
29018
88605
5634
94823
41342
58734
80721
57919
55957
4820
61715
8946
77307
92783
40690
34811
92537
11146
58946
43427
27346
33475
80798
12444
54400
75236
55581
21555
1646
48302
79607
5055
44775
77581
78930
12847
12704
24392
78640
61922
41881
46647
65682
94388
21628
21717
95612
20320
43763
46012
20518
35630
78956
49958
40790
50705
25934
12162
92898
42581
75087
51559
77033
75454
79633
97139
49922
9265
90743
87186
58933
22183
97450
93709
53430
68093
33398
25919
45378
706
54592
44032
84941
60837
85165
35175
32088
90336
80144
47156
36873
26147
15429
35209
12600
80108
58698
8873
88738
78990
23665
45848
6734
29053
7216
26604
65966
58567
53621
70540
58079
34106
73671
23896
84988
51223
43742
67733
85523
7867
83916
54294
78342
72413
48806
15142
78788
537
26076
80704
9067
78575
47526
36273
39300
63098
73972
30532
72808
29586
77099
88537
31118
58415
63949
19917
73587
73776
21638
77628
93063
39579
84928
32442
36015
60707
60513
20384
16322
83820
66375
84130
20036
45171
41201
9397
95705
6150
85138
33936
35165
52546
48785
32333
38930
5802
32458
88034
94710
71246
2953
17727
51032
71093
86904
26011
47724
41075
53990
35988
89651
59601
95452
72166
87577
96203
82864
38205
55529
51209
3120
99413
51003
76595
35667
72804
33741
97938
36315
45329
22138
47837
10761
36991
17266
5775
90964
42209
43881
6964
64616
53830
28325
66164
80447
15762
8240
1372
51357
46816
61227
30732
21814
59235
7655
51401
47918
44942
22830
27926
44381
39974
32775
4585
4617
16414
58316
47447
42736
54545
87125
74297
87532
12443
10137
23955
63151
92800
79697
5138
7698
30441
7161
35448
10969
67865
30285
63277
17142
4809
27951
72128
44956
4638
37872
35687
50565
1327
99696
58602
5777
39010
46292
92328
93401
4299
6851
35559
10700
27762
7255
49716
6564
38318
87171
85059
47711
6518
75934
80318
51040
893
18083
77211
53475
51464
68049
12051
22166
45323
30829
16512
38913
22328
83184
89368
26215
18971
11056
8422
29778
58916
38896
63646
69984
49268
87670
16868
37745
92995
81858
88435
53710
12475
97179
25491
56870
67519
17784
80997
23661
68365
18903
38693
6245
77703
59208
5020
97680
55771
9826
69780
67430
29312
43656
20201
62909
76727
551
74384
20390
64268
16507
51087
40485
39472
12353
64503
73048
76127
55195
84176
96087
53971
69019
25840
80516
69350
68713
83770
67487
23155
34761
55702
95998
35867
69356
74893
57690
95975
48331
9594
23931
57588
31759
62090
2049
78576
97272
30192
53781
91805
377
19071
94372
5315
90648
66019
10630
25149
19987
53089
68156
53010
33009
30056
5874
37372
60962
5163
74202
52834
4718
73044
69268
49442
36963
66637
10671
972
14098
63186
42094
30361
20197
74406
77758
83732
36140
81775
21637
79287
28215
62310
39206
15086
68966
20296
51644
39359
43747
63816
44800
14546
25666
3973
74551
26339
13866
29991
29643
53668
61320
91200
2765
95537
14292
83339
32296
33373
87247
70721
33416
57179
7669
19041
3675
1260
76211
6731
82219
44348
50096
28569
33625
76729
21629
59897
7934
15165
61160
82177
32697
53707
48297
62408
84054
96938
20268
73345
37388
44546
2219
32358
47794
34486
6673
54684
75950
97426
73215
65195
67809
31996
98995
16563
51707
28477
28082
78150
69334
41202
60336
42934
41316
27797
56147
33529
1354
60128
42002
7632
38310
63569
50830
21541
53265
41009
53761
84659
70481
48747
71183
47166
96710
2442
23072
53666
36033
94384
45780
90470
96972
76726
68224
15370
60087
91042
89988
2739
61563
59713
38909
9473
75254
59062
42600
86057
35593
34407
4176
71829
80463
35377
64099
41385
1936
7977
6289
77789
52157
46656
3309
85638
653
44909
49780
20345
91980
51389
91482
97076
67199
62421
80944
37141
49490
93289
81019
89532
96985
88998
34114
54417
31839
37373
53569
88729
1874
99227
54842
13625
5034
61686
25573
14440
97800
33561
23741
34222
84971
17285
60217
49376
42665
69022
54370
21908
78813
59595
72475
37637
95053
53858
30657
80651
35983
55884
92898
77335
78982
57437
46684
59680
96719
16949
92205
30476
16513
71951
2757
57860
4626
16133
62160
16017
24863
96145
30632
89490
38627
38049
28604
54732
40235
85665
71582
20944
38879
88377
76531
84536
9031
55721
65513
30076
19215
44269
27958
36329
13981
71951
51135
40817
63144
43792
43626
40046
23989
79646
9877
6817
10614
49710
22845
90107
82993
19489
60468
66680
54719
44409
63539
93198
48750
59295
77985
84196
20244
10444
40644
99553
54674
48632
34249
68858
26135
86008
12218
83961
34314
13099
3134
92835
74219
1963
75252
65330
77693
22120
4989
62896
4143
91635
95006
28747
19330
88275
57927
77237
52313
87707
48886
51690
3368
22978
9762
56465
43956
31840
91419
82044
79190
37816
9890
19107
61511
49504
54844
31216
99159
72187
59976
52133
15758
30077
88526
59499
17930
12700
82240
18516
29223
42956
64009
48820
28232
23625
89431
81187
16019
23418
2899
72668
5321
82119
36980
20937
62862
21236
66263
1121
35361
32123
97942
32607
46472
7614
79792
30336
91510
36549
75835
14515
46061
80135
86350
29598
97217
93191
531
46503
67600
96968
49528
52995
96904
56621
90762
26645
41210
67956
96916
60732
11819
50031
97667
9361
47718
66502
39916
52246
14564
19750
46998
90508
57156
82283
39804
73668
23376
17455
21405
63967
29795
59446
17734
89123
33431
93146
92941
52494
67315
28702
8555
48603
60322
47222
42862
4219
85086
55669
21664
54265
6052
40821
7378
310
53781
82212
20146
94699
83483
9164
67119
88952
33113
1201
81658
52097
65857
46271
91870
15798
47522
9865
59680
3092
46653
37457
47094
73328
55439
31528
42751
10260
45867
21893
26066
67615
912
83631
31361
94782
56871
8545
40271
35147
48596
60774
5843
46499
67011
62339
8077
54354
54069
64508
1241
99612
71222
55732
27679
63602
25607
11588
83982
39207
84925
99562
369
41103
63339
28781
59029
32445
43499
85846
69186
46645
77545
12545
10638
78603
82934
24580
64911
98423
96903
42452
27537
35629
39048
88079
26584
14058
25795
92574
4604
48327
2482
67151
66272
79256
44692
74445
3977
189
85445
59723
17070
3539
60650
76761
35546
63425
43181
53137
16635
9880
22595
48765
318
67221
14676
47673
1435
30231
11719
28869
12179
74511
78050
19639
95357
73822
81976
27614
49383
98142
51635
25080
86773
14653
28334
78130
15555
71442
78899
83656
11353
33365
81947
74667
92999
87657
59550
92012
89529
1177
86208
66502
14128
36128
32796
40995
76631
44067
89406
1570
59174
46895
60560
83617
8346
91008
95025
90937
15058
8741
78867
2742
32125
43346
32945
69520
57645
6432
89657
92843
96793
65934
48637
28730
27432
37280
35360
8666
39670
13728
93428
37617
73297
41411
51171
13180
38752
66881
7575
71738
94497
70614
70639
45801
76693
9933
23771
99703
20912
91314
73661
25213
77393
2971
11369
26607
41947
6818
4288
66435
78630
79265
23698
79109
81503
77252
24142
68600
10870
93183
94055
41972
22886
85190
3763
76041
49959
30864
89912
19533
31582
63759
41242
55649
96032
36282
10309
13205
62274
54588
58679
42594
83650
19578
97011
40420
59052
73422
11438
13701
81962
19509
14344
25938
26566
22309
62165
45426
59989
11046
25510
66626
28511
95318
13448
46473
37995
13343
99416
58113
23821
1476
832
12394
28140
75538
76956
58059
61864
65874
68062
22230
80945
99372
42209
70829
72631
12167
57373
38876
51564
26435
50491
79796
78053
45793
87034
4782
37224
32636
37281
24129
73332
8862
77859
4062
24839
67631
5292
23054
9673
85661
67544
34967
53842
86744
57158
46183
10744
96132
38828
3531
22957
73106
66605
22789
76896
69485
53436
95418
15424
88775
86136
91127
19615
55733
23641
46521
63918
1712
45820
72221
60446
83256
46066
20416
47601
46659
54700
75510
86297
39620
23650
32839
83527
15093
71134
14012
6428
41454
55476
55520
83081
80803
59852
76023
24858
66032
17920
83292
42511
4217
21158
14767
54816
17562
26632
39060
56831
53666
17688
30729
36893
96707
69190
6701
51617
49204
34117
27205
1020
93370
97396
45583
29587
81202
68779
87131
50058
75083
72690
11752
3766
73539
84805
62644
5469
79633
22646
72760
32949
43885
77671
86230
37589
59448
31540
92180
58443
13087
79060
4008
66233
48023
60947
99771
66510
63493
73794
34529
17170
77500
29673
41886
11793
59470
43239
96881
96636
5950
20348
79790
7881
80807
77395
42779
14968
17151
47021
13818
9095
71520
75080
2675
45499
83494
79676
96674
34145
91911
88086
6635
92648
22959
38975
88780
61564
12225
39777
71691
79316
92657
99999
978
12017
30019
19114
59992
37305
98220
45226
91265
9653
14605
69145
18254
77753
25147
81058
25483
31654
72531
19842
36562
30095
27905
19950
29000
57389
86537
76023
95610
64325
91362
41085
53683
95100
45020
90351
22433
37821
81355
57198
73542
43344
21640
9104
75067
44119
67136
24268
72221
81913
79423
10924
19952
99906
95377
8506
11334
18426
24867
57623
90943
60824
74620
92820
92860
23715
78731
56423
41193
6782
34030
75490
62878
961
21494
53619
11692
28055
99813
46507
41604
8831
7297
4374
27325
87102
94379
67606
61815
83557
54104
27591
10457
63830
85138
40307
17345
1678
92445
11276
8134
76846
43910
8507
73466
41791
74659
53473
21886
54184
18864
86914
52909
46617
80835
84689
24748
33733
28362
18069
30499
93581
62088
13226
72769
27804
79291
77212
59920
30673
3147
4141
25019
50893
31219
52037
2328
7064
66364
53904
9871
45900
29325
29293
87904
28252
6386
49368
62566
95235
57957
5327
38853
42571
6978
40087
33783
77241
56751
82672
81067
38456
45165
62555
25047
98230
61799
71837
97331
91853
53245
20480
11320
58926
39352
20364
30392
10766
48127
54248
15083
46996
39641
21312
53952
65317
41470
72596
76240
6934
1534
11853
94798
89399
62973
52069
84770
11103
27918
33111
39505
73021
71093
15198
1750
95382
23322
69613
22088
54745
44270
38528
5651
92069
83108
17682
95098
68791
6692
1280
22725
92805
14899
46929
29937
46917
33610
57105
67381
16349
153
43166
34861
36536
59061
47927
10404
78985
18769
21481
8263
65454
48188
74351
3789
24755
86264
56267
78598
25126
71553
89850
76856
49129
26906
83098
86695
97052
32673
98793
47216
20517
74047
72468
29048
79921
94301
19145
61657
8075
78060
40929
62698
52517
43995
53375
47518
7091
25055
9781
33029
27939
91475
36994
40659
97359
40927
74416
29310
47868
48944
72910
89486
34129
13493
94475
60118
25582
96778
97933
18136
81031
1340
92229
52167
54671
6340
65984
83235
98531
72759
57162
45438
30156
88913
38446
40012
27439
88667
35496
50427
55896
18842
58017
31917
86657
54316
14223
68751
29443
85255
29123
89803
94572
12311
18733
95089
79162
20508
67359
62643
63405
81777
98968
10388
26093
46478
87851
98258
84768
84476
28039
36654
67433
25989
55760
27055
31503
84061
56090
56525
72126
61433
24817
80970
62363
77571
91042
97537
27614
37573
57480
85031
71960
23465
61693
34695
36885
7373
31067
20838
52735
50440
20153
827
48031
15693
92580
14420
90626
12300
35578
76218
35431
48513
5083
57255
11161
43726
69498
95319
18788
5299
12201
65098
48746
29814
47617
56170
87450
42702
65898
4744
56055
2417
30911
6417
80389
84226
21791
3018
7908
89495
26472
29181
87483
32964
13619
15352
17368
25034
19602
67084
79928
69164
9396
7982
97665
81440
87899
71751
77776
31149
37901
39632
73686
16096
11993
12482
94020
65240
18461
88122
26865
17396
22572
39673
43184
2104
3876
2469
83874
76944
66801
78414
8566
10446
18162
89020
30629
69364
30802
83263
99662
48603
47661
44626
75678
93685
10666
38307
24939
85262
10117
97968
52051
22412
53266
50
38845
22951
88001
38795
20872
77039
91738
48583
24239
89071
43544
37331
400
65705
38386
95392
72458
58972
15937
79721
74485
35169
22090
95083
11876
54712
71617
29924
26494
70979
59853
63949
49566
56298
16319
74731
82462
64177
70629
58951
54893
93382
18059
96049
53093
64780
36103
63421
51385
73182
74857
94784
29204
48057
34375
6657
93330
5330
53763
25100
30955
81787
66035
91719
58237
51568
82674
4951
70997
1637
84466
71129
29248
32874
18798
57059
98536
87172
93897
63495
24968
44732
93494
59255
58848
45424
45282
57290
84219
15102
83190
10102
4262
69322
72652
43301
96463
20015
52734
91916
3499
81193
76440
89521
9192
19854
82148
99714
718
37902
30700
53757
83207
66621
87064
2492
96732
9808
3156
28950
719
12393
43364
52271
14611
18116
30288
7474
93832
8433
39170
22435
1770
2659
99795
57439
91208
24749
53469
69269
63893
29892
77713
53619
92219
11034
11558
39141
18425
66998
61533
61760
89319
99474
76993
94299
42324
88200
5689
4678
91911
87212
26117
9404
60777
26689
15975
81790
62712
10904
61781
34483
81443
39726
28348
14581
72042
15166
33007
3017
54174
14788
3609
67105
50328
53126
47610
43715
43067
15833
917
98231
9563
38965
55842
59153
43810
95554
90611
70959
51395
19972
44123
60710
25678
14578
23321
41222
33564
97953
52358
33807
23131
73614
18603
43559
33435
33341
66840
81787
72855
60720
55375
40505
33600
49490
37438
32087
54034
88398
30175
85996
74979
50048
55919
83497
80725
42595
79641
65725
3761
46132
65966
71690
48953
35443
41775
10015
53116
87008
36537
67582
31229
94965
32526
97724
30836
47361
87777
74703
45952
66182
94486
1890
98971
29162
55020
9958
7946
79711
38388
30660
36987
95267
21555
82111
32024
11453
20003
69781
7976
9833
53614
76815
78849
15070
23220
40148
51559
54972
54234
75179
51225
49071
33333
73543
95118
49289
20591
66209
43581
98846
4640
18468
31004
17975
33888
42148
50299
45219
84362
36945
80227
86566
41260
98491
84310
39010
14511
37806
79198
67460
23250
77561
50995
50428
85136
15634
11153
50309
63423
11156
40507
67261
19816
39825
15683
5672
85677
88235
58853
93778
99533
94152
94412
34888
72115
64385
34591
93524
98494
47527
88689
95602
2112
42720
73450
71314
71988
808
70326
89252
67304
37295
25056
20647
12417
6306
38548
91333
10436
62768
36542
28002
83039
38400
62702
77658
80058
23169
13297
57513
21959
52916
51436
76687
53719
55824
43125
49704
20512
26754
30993
64119
77418
36829
31597
35149
39756
28770
82058
66744
87578
89880
90659
68836
80898
22115
14916
83722
44860
12038
1572
18922
34734
19628
69263
14861
88653
51598
35334
50680
15201
47918
14405
89857
81788
18876
71574
55246
90231
29845
99052
62527
77505
79211
83087
19547
36400
94744
46386
75780
92744
13173
72503
61408
76907
11617
63210
82065
28354
64428
49994
68392
34803
48755
5550
25138
6603
24912
65401
59521
32329
52876
38940
7543
20615
14131
91649
70745
41860
61344
94744
52988
57486
14353
41648
70504
67426
19431
19391
95600
41643
17145
28588
17317
87256
91627
88411
23949
18657
69703
55212
42424
94489
91297
55449
51612
52862
11672
67946
85106
75771
84669
97720
70156
20933
37192
62675
38042
55963
22274
66815
14434
19026
42767
5651
20596
66648
37633
41418
87894
37222
44064
91416
35472
4072
6486
91085
18545
11087
36441
47611
55152
69917
57941
45845
98663
62421
74727
41079
89985
81734
15499
16807
26387
9238
13215
62189
77054
70323
62342
59651
24146
75886
11783
94907
77355
30108
48067
7817
50531
40303
1355
77951
46350
63009
37070
55102
46389
85605
30983
17488
96994
15046
31751
31555
47028
69455
39142
23125
537
54551
74320
41789
35363
52906
60352
88390
60134
76088
95568
59764
45431
28570
7293
27288
79409
90430
42458
34798
52476
48521
86437
23194
36011
63669
14390
89451
25229
9877
28575
52181
65105
93818
29370
79844
34202
99122
67352
85448
79072
78992
25368
19066
54332
56758
83145
81969
8085
54009
40757
37477
37258
94590
76613
17134
29436
12294
28666
11830
96142
13909
46285
22488
11065
45368
90492
43707
65784
78612
83419
24640
64902
93433
44247
85803
4662
1529
51925
56852
98200
75217
25086
69667
42466
53779
94208
85195
92067
43924
7057
69900
72501
53317
77342
87411
45592
28007
8029
96618
12974
54458
65257
99079
58401
19465
68461
55688
97636
73658
9725
59027
27342
91845
42775
19039
70888
7667
61346
46358
11491
9756
6099
46201
7922
51725
61723
55772
1437
44755
92502
35504
30414
83290
1494
63525
50507
5322
5550
32718
30704
426
49630
47683
80697
15374
3833
16375
97471
71228
70930
92989
38318
72978
27732
27548
9633
95647
33600
39801
15006
68559
68106
6454
57726
38543
98223
44882
4771
20234
89040
55724
94670
87240
44347
8993
20506
66000
34751
73245
70764
1514
61752
89791
87336
42747
91549
27545
77723
85670
74145
58519
52886
60707
58178
20238
34635
58578
55331
9407
4253
10779
24311
49377
78416
24083
45884
44328
2163
64003
89853
89712
2545
82229
40766
85620
19223
45806
67349
7039
77118
87071
13129
86022
9357
67107
44448
71509
91216
45220
24013
12190
91830
40787
56349
74925
2824
32815
86089
41997
60713
15295
82326
89328
94343
91936
32868
81271
70737
87573
91471
388
43097
29810
36859
43632
8227
80190
69471
3925
72318
63162
32106
66323
68896
25884
9667
62942
1757
6778
15688
34694
59936
59215
89145
92808
11358
52222
55709
47247
95151
96469
73909
20986
22063
99667
14134
3193
67115
21906
55381
90291
48831
71374
61000
51828
35569
3253
25667
46353
26071
3919
12050
76779
13773
97747
25964
49296
74369
22191
7179
89176
97083
7696
63773
46279
22972
41639
49770
30133
44607
19410
92604
23345
20332
8199
65104
83026
50658
19614
9349
49933
90718
69718
15464
60931
7863
80719
73924
59981
40442
72877
44577
11129
94239
95121
34061
23056
46512
63677
42320
35896
2429
95783
72367
72246
62498
63835
94297
41581
88193
87269
16445
45537
53534
70322
88950
11828
58908
64
24152
50209
79616
47374
59141
67564
83056
70371
40758
33699
57602
16840
84738
84256
48736
52816
17387
69951
72110
36386
39182
56055
85903
54205
46693
49396
69538
59149
7824
29285
62702
99143
69474
71600
29682
96695
27969
69375
60582
28222
27583
93570
55775
39480
68185
18361
26695
3552
60554
62380
19988
26963
25067
4526
67247
44612
8999
11307
26489
29486
14217
41323
78955
14312
97290
65737
32406
45954
14196
38534
64401
67535
57376
29075
75456
20905
49512
60997
94531
19070
44766
47520
27178
39879
81765
18037
47844
37784
2204
86918
79300
32373
79853
72275
36364
69370
69537
25129
64402
78951
24275
52469
43506
41485
77282
11620
75132
44496
56505
71141
38163
39108
42483
68873
48315
66994
29535
84004
5617
82414
90950
9267
95770
31986
22718
42512
68502
29285
27931
52101
74589
40994
58396
13813
31088
54005
20940
50048
56849
94076
32915
1327
20605
81060
16451
28268
81454
68418
92557
99828
94867
63925
19478
61708
1632
57854
33779
94816
33760
93433
1760
62662
27011
56664
61670
63349
19249
79612
15293
98429
44858
55985
80931
34760
802
55456
26948
67366
10311
41317
58841
49583
39400
88340
93357
50705
69144
71794
45186
33242
42879
59284
57514
55181
83896
38205
73542
88154
35789
37590
99708
27682
18572
63059
52301
37881
22731
35039
53742
46188
87417
96838
79098
29102
83679
43827
58403
72278
25226
49844
53099
8945
48029
56726
20858
73899
1277
37882
59539
87353
40417
33551
40103
80649
85873
99278
47422
81195
87093
1560
15659
93816
95684
80324
1896
51480
9167
21764
2739
10537
68090
92622
7655
70077
27947
74558
13696
72921
56239
34158
27859
92433
13759
1282
86533
77534
78761
99269
46524
16590
85055
38120
71314
23846
46559
47469
62242
77547
46703
80178
66346
67588
26590
52548
47979
98381
26377
32670
60256
98475
59919
4524
94205
79199
13326
49384
73622
1186
79635
8215
36310
28139
73402
59330
71196
59916
87405
16427
95246
33450
27339
95848
72330
86641
9850
62489
53536
21843
78656
77785
72919
64813
15831
80602
11537
22805
29069
83768
50943
56363
92492
97542
75806
37416
14014
50515
23457
56136
23183
15665
10312
93874
12806
85909
14924
6833
98020
7107
47282
58184
90346
32687
5378
47204
6716
3716
480
58886
44784
86190
13977
80909
52863
98617
15422
9878
39398
64325
86984
95360
52564
90835
50714
41666
62768
43736
1913
37144
92565
99734
96786
53839
75511
75338
46200
68076
59110
8690
88978
73164
64765
98717
20985
22463
12477
16994
45096
29999
47040
78433
3612
13707
72776
10305
5986
18808
51521
79614
13730
97343
67374
64095
66403
46302
78975
29548
25275
92716
13284
68135
54355
10276
11159
44310
8418
62992
5281
63214
70258
29026
75765
98334
92314
55639
81773
78307
65036
39346
56840
79610
32457
9194
76768
11422
18152
48809
12845
210
20902
13319
82468
54563
72841
47994
55172
95342
8090
12885
26603
11679
33500
94235
49471
58969
64020
60045
48413
99295
74948
44671
80715
56981
47464
70979
88943
95665
25492
1999
78770
27244
71779
5767
16461
5967
38085
67090
17269
85934
96119
9117
39916
88076
61637
71391
67932
46985
75695
39258
6177
18663
78090
14418
51326
49576
94499
8976
64915
2904
90918
99389
6618
9772
82844
18133
40675
85831
69364
38820
97493
8554
33342
67805
95768
49502
26774
87519
5398
15375
60096
34455
57247
78568
31540
73476
95963
63925
3362
46195
83298
66791
48014
86990
57495
23852
29783
87788
3399
1635
56503
13073
87499
17099
21240
13315
53340
67702
14127
72163
68453
50106
26414
42287
1787
42752
97531
81569
23074
66690
83425
69306
30053
66983
57199
49109
56015
39326
78114
67746
84014
79390
15098
13971
8358
8792
5935
39666
34250
31905
74193
11978
72207
88342
57822
6229
24338
84411
45063
30844
13535
5592
23185
75685
70813
48740
92576
32726
41775
51718
51606
30182
44721
62353
29022
85573
18688
16076
64559
46610
15222
83483
85779
45784
65872
84358
61530
30491
91032
16999
50237
63072
43917
79737
34582
7033
65774
42009
44235
15215
6030
29091
95696
60696
3439
33900
32392
69159
7643
19328
19227
6080
57456
23123
2831
69538
27535
46098
82917
97861
59979
32798
95521
9403
16941
65202
6354
47323
36306
89262
82262
8546
94304
10635
27420
43241
62452
32624
29040
28987
23358
23914
35768
46350
85318
45271
87308
87744
21559
87809
26783
65048
91802
156
82685
73244
88919
1441
83775
31422
59774
43159
67983
58961
35817
26169
58281
8246
27998
10590
4788
57707
59506
82564
20612
44688
71828
56071
62827
65960
32249
27273
46270
95268
11333
28612
28809
57132
87839
29921
53141
39495
9368
66185
39399
15762
99197
32861
74499
78110
57699
52690
75074
93692
13975
62484
97962
42239
93641
55264
32343
89180
68155
13094
43000
94433
90287
58291
44969
50554
27200
76755
66900
80777
77718
40384
65698
71278
49993
58432
77659
13664
81960
78703
75285
37393
38644
65890
97268
44713
48567
24041
46925
25115
36902
1333
46756
50027
2917
89620
81932
58873
63202
6455
2415
21584
67308
58706
51437
11643
17757
72564
17898
14711
10090
13052
39323
12099
49476
8685
902
55488
64186
15963
8390
7277
81818
26708
11862
88358
33170
23066
45581
11934
37530
80503
98281
94669
48682
61632
39327
6013
15295
56914
15939
67848
20163
3437
39821
7140
19338
98989
470
34868
21003
87447
5855
87599
78396
58654
3293
788
94428
61029
86145
22025
69442
79548
19925
4834
9862
41005
60839
98809
59816
63939
4549
25044
49537
24950
37754
47613
20491
58462
7229
55200
81121
64618
41746
31703
11781
8411
52443
99541
44475
51833
38715
48778
64911
23619
18525
48573
38163
13717
88000
54307
96580
33365
58311
65366
21441
66424
4591
34644
75029
71644
66063
42821
12390
35597
76140
40690
48510
16536
5478
22511
88698
16394
25907
54095
82874
33880
8035
14105
7057
27456
99570
5604
45627
17714
41106
88365
77453
77709
2052
28480
43739
51079
90376
1906
50320
95697
87812
408
70786
90112
99814
21540
56844
93328
84517
86195
96897
61666
5715
45903
1710
31740
9780
89560
10183
48206
56604
66935
99345
88762
94223
59214
88649
28836
27669
56092
18740
93657
84942
47270
25222
92344
39180
24994
45335
65756
18204
95431
72670
61103
94477
1336
30535
32863
73352
96272
61361
68421
88421
12540
68831
2833
49722
84338
83565
96754
13275
95505
24575
45133
34161
11454
61003
3463
44007
71700
26365
54854
60257
92361
69690
19182
4888
76081
50301
72076
64867
88382
71624
91603
76219
28029
17859
27779
44489
41917
47379
80488
84870
12666
24118
73142
94287
91280
17587
83266
94173
10803
97644
88449
39871
10064
32083
95547
99870
69212
48525
15999
97560
61613
50673
36382
3439
52908
70262
11992
79108
7781
85793
49936
94285
423
1462
43265
13517
24181
98004
591
72426
54383
83843
32742
76938
35429
30350
39440
78921
46067
74744
46183
49367
84108
32711
17038
51314
39401
70222
34132
41098
61036
41960
40373
81992
26259
40875
91708
28336
71418
84903
63323
55621
20535
15666
85912
19044
17424
86030
17670
57876
82524
68346
19777
63066
44701
60638
86222
59333
14994
10543
51606
46442
15319
3569
82289
39007
71236
31730
28748
95670
47918
18666
63237
42410
25302
29592
90050
79581
35794
27088
5589
34085
93625
17556
33886
60396
40795
28363
89218
55966
48390
91372
91002
69226
63797
15674
7484
22370
15953
45446
59076
51541
53668
91722
55699
30824
86436
31230
53151
41258
77470
37210
65591
98372
29697
82883
88655
2368
7632
32133
86670
8571
4403
39189
73015
71351
11867
8355
3258
48878
86128
920
10073
45727
92028
30945
75221
66030
94872
84277
49462
93323
92199
96787
65368
52253
80115
41952
69114
94178
88692
99847
83676
29387
77390
54309
16574
50394
31442
4577
71483
28498
29674
80752
46341
43691
20305
40902
41216
74227
57298
46796
75051
85240
37268
41586
54140
84232
88669
23675
63831
708
12357
36755
942
50247
81370
73008
36107
86595
97963
61644
94525
50543
97664
21278
19871
54322
90081
59240
24921
80948
21887
33428
72483
18447
30922
24649
52590
41960
1116
11863
76954
20328
96174
88811
47908
67022
15858
76037
73125
12166
41085
8794
9561
7106
65660
73535
52274
36778
11571
75056
19929
65146
10748
72454
49090
54945
49647
44483
91882
64714
85903
80155
3084
28077
72535
32866
97993
2689
89537
11535
6771
41185
82691
60025
41212
23808
34863
8334
67555
14612
52239
72676
71593
5608
67423
14442
94918
93588
87882
28659
22505
98401
81887
44680
23191
49389
70085
57495
57203
14570
13071
60255
51735
49436
96213
85017
50974
55042
19146
42043
7912
74771
17812
97159
19452
71030
74192
64764
91605
7390
16145
85941
50616
1945
19555
96294
76834
40032
2041
84600
98453
25984
79242
49301
5580
24962
36075
60030
45398
68555
53282
61711
81054
57909
3241
51521
31458
64315
19593
57749
73096
27448
7404
63476
47307
86595
79645
98670
82465
56934
60728
39187
99908
25803
67519
39250
23023
27340
52439
21525
10276
43261
48093
87230
85796
68727
25757
3297
17838
8127
62708
34737
21111
23380
10615
65336
66879
2334
91255
44976
60796
8182
42540
74212
15004
73749
10735
2081
949
15719
25232
51178
35172
74859
24323
20050
11945
22714
29784
89548
45271
48313
51539
87902
87189
30335
82278
31847
94470
6084
40517
61760
20065
35826
29175
92420
24267
81939
87981
11930
45682
42587
5907
96181
3039
32348
58721
37562
80673
84364
19204
4853
90271
34564
67514
22664
56479
93368
67493
20429
34726
79796
38363
47510
93068
84417
34830
50401
1492
65815
11489
77598
61227
99460
24805
11620
27194
67036
87416
6429
21688
49226
52353
12118
68360
84547
70288
72956
93829
43836
69475
51436
23992
8879
57553
91135
16366
86532
13058
72914
82220
60682
39042
44916
47924
91559
52671
33713
65606
63473
68669
717
66516
92480
24303
9397
3941
20797
80664
85997
54562
66170
89612
48382
44059
26451
21095
26129
4878
28072
63716
54147
68335
58574
73403
36350
35091
17449
13133
51706
98449
68670
73926
43406
24596
39065
58764
65816
60381
44098
2321
43635
36013
49944
22676
18835
68334
98745
29190
87354
85564
93341
40112
6033
51266
8394
11161
35660
49964
68100
68313
95537
41625
45209
46015
69203
24198
27598
97019
56581
37843
11815
602
16787
45258
37892
72075
36655
38481
59124
97288
78667
83712
20249
98268
58630
95643
43295
65956
74547
9188
48500
381
77014
2287
95638
67255
73329
22035
7321
54116
96776
79472
56335
68951
89582
45850
6975
95793
53185
53989
58891
86318
39338
79942
28213
38492
98235
9489
38004
36923
53772
4995
46412
4961
95107
20897
43213
82104
29322
43207
71554
72212
32938
94405
46732
7473
56051
2740
12159
88017
37985
34140
70398
26736
86364
92314
84402
15193
20584
93265
52157
89408
4198
57994
93997
48511
56532
54453
96481
80269
88543
31078
91833
43872
23971
39762
30391
71166
30063
88831
90511
35018
99207
44071
53360
60565
56539
72283
82427
25204
10379
23310
31770
23387
15903
97728
44892
55242
60551
37812
46405
61839
69974
48867
19978
85149
68791
65689
93681
86049
67108
74883
65527
1656
37893
51254
60177
96347
60948
19677
65697
50451
99408
82929
88840
20708
43649
97566
7814
10317
50178
99503
24386
19201
61964
98184
20568
4099
5811
13164
79321
62747
66106
60267
3355
59506
66568
18073
67263
19805
10390
11202
85461
13313
32956
79514
17962
83440
68357
23063
2827
13757
56293
23117
94369
31928
48200
4762
27251
17416
93468
25668
82634
14204
16931
36739
53677
62315
23411
11435
73907
11687
72005
2030
81011
90369
25428
7309
20946
92486
43653
56440
99936
36220
30622
1064
8358
806
20262
64187
69287
86731
41106
76853
76973
73054
77203
77727
30830
39637
49819
63551
14438
86624
10362
32246
82254
87436
51313
13469
23399
61558
22416
30131
4109
9151
94344
75415
58113
45910
34384
70950
14737
95935
20057
94472
3927
34031
9571
7914
76872
96469
9528
84850
40928
35166
86521
93689
42626
13301
78638
28808
3140
61666
79402
50980
38206
51923
37139
97964
30655
76452
58075
40404
57450
90657
339
55346
98988
53126
63623
33081
71842
85101
27709
6241
75670
76691
46621
58896
33307
70681
26853
27977
15162
79893
84683
79893
35771
20692
64587
60453
25625
39185
91804
34717
6784
74309
35504
42331
52546
89517
79384
74736
40952
56902
87662
64288
8816
59215
81358
86373
57464
74739
12977
87848
10713
92790
7376
45619
174
62506
42238
7108
32477
54320
88076
650
55698
20874
86797
42016
66126
2629
34588
29287
38543
28816
11915
53781
40391
62267
82267
47492
6382
11578
27135
78665
11899
12899
3837
77098
5844
34919
28700
7039
68182
45458
27488
22829
83341
54352
10835
14307
10415
49237
40210
97394
6304
35917
44908
44892
65146
27069
59791
44090
15927
72802
87534
95942
51789
50864
48758
59470
43464
9406
37410
50417
59269
14975
46213
32962
60581
56445
97017
49567
67007
55835
46976
12404
71695
56668
76342
42548
67307
55105
47834
42618
50518
63746
19941
65608
40346
53781
40450
77872
32048
20972
42088
58561
39083
39152
68492
11229
23377
77263
58070
42569
94308
86445
48205
19775
93790
14809
56243
87506
14787
12759
67282
20412
69936
19108
60206
79857
58105
98530
58855
37262
63080
94814
45562
55905
76827
62781
86739
42431
59511
12053
93166
54269
37361
31387
65689
53757
90590
95689
91379
91255
92851
65745
62111
88841
10525
89327
86041
81316
30871
58090
52865
9289
47480
8474
4308
79152
78630
94608
99690
95292
5254
50011
57543
84114
4885
4503
49084
14946
55720
26225
76552
27274
22348
16664
39214
6899
66453
57777
22707
28625
40675
80969
31363
99675
47364
23702
46163
33506
59922
54837
17674
71389
90413
57340
44073
99068
11579
89173
21405
38223
62089
61689
27733
31607
15443
49475
76257
68696
86527
66884
17741
70054
49426
24917
89294
3361
14345
26644
89851
50384
60333
99980
30117
80587
68759
95830
83330
58505
56504
81907
72044
84923
63479
25564
17523
36857
62658
25129
27717
79914
38055
52278
75649
31149
57983
54539
70931
62613
87140
51881
71670
76136
99268
71941
13008
54902
77916
46876
79932
6116
19250
53648
1523
87057
47374
73260
63985
77610
3955
9431
52475
60062
44016
57575
62682
59641
21583
30092
97448
41656
71266
9991
995
9496
19791
93419
17706
88962
23263
37292
94020
74895
1507
84506
60145
21566
23963
30916
81812
28201
99813
13485
7319
7229
83544
81318
81489
98137
7828
56842
97247
34555
34838
30289
73706
87684
51114
51321
4386
41400
33180
35683
30205
14194
25242
56034
96769
5580
9442
65369
5601
49493
93507
16785
59534
37501
77277
85217
81986
57891
49263
47709
96581
8014
89877
41541
96777
33431
90244
12454
81854
21955
83817
81161
54230
25735
9094
97089
57885
96572
2256
92562
98816
36979
75551
16482
17005
49573
20431
73522
69439
60226
85725
73674
92393
32298
27473
74846
64049
87130
54642
14497
57086
81146
67609
40925
21017
85394
41712
98045
20874
72896
46460
5574
19280
88624
43565
86853
22802
45464
61837
26001
463
56496
29345
67073
5188
81588
63349
34577
7815
18109
42377
44193
62044
77048
40148
62389
28915
94791
64267
63058
82540
70162
40030
36641
8729
37497
98351
19458
71404
90796
11889
2027
25130
40998
78130
43409
81152
60776
75954
18868
52251
89777
62484
