15
3000
327
614
635
195
675
130
754
575
903
277
891
958
905
106
163
110
668
230
303
775
587
742
309
505
603
839
438
922
507
289
349
185
399
670
325
862
225
285
920
687
335
844
256
886
530
747
411
674
649
443
478
308
305
851
664
372
483
104
345
736
938
849
719
955
475
681
179
422
641
972
691
270
677
692
202
747
508
255
169
290
852
872
590
158
962
332
317
965
119
422
999
505
690
481
750
722
311
793
746
230
339
873
474
163
199
944
613
465
792
171
746
305
641
591
927
524
103
951
362
208
735
108
118
982
714
924
715
712
103
774
435
326
176
304
105
962
345
978
636
563
832
533
468
794
697
508
631
317
474
635
697
518
845
850
297
384
820
643
259
748
283
318
170
252
965
795
863
293
161
706
989
467
393
562
875
930
230
872
470
791
118
647
317
576
400
209
684
524
459
330
399
483
854
676
291
536
714
851
728
404
241
299
180
866
385
494
433
174
653
721
149
721
468
515
937
804
288
465
316
771
405
600
965
541
831
580
624
600
734
237
889
814
421
127
317
263
247
305
611
702
601
451
744
788
609
515
475
158
842
106
400
858
785
652
630
498
725
287
455
681
944
401
109
797
980
388
279
571
476
249
800
864
875
413
979
722
246
929
526
903
668
897
701
389
811
755
312
358
334
150
214
402
779
676
138
725
202
884
780
321
670
277
497
722
648
453
791
152
230
772
190
314
486
618
742
273
401
660
334
705
569
993
814
905
111
121
536
209
762
771
889
152
278
855
558
640
714
368
764
172
917
380
397
853
871
585
432
426
171
843
324
401
427
217
416
751
123
693
332
830
801
496
128
163
828
620
835
460
539
727
670
884
272
120
373
457
611
378
410
692
950
945
943
449
289
901
936
986
259
532
135
160
322
719
881
244
204
425
987
110
749
369
548
654
705
188
550
545
492
137
473
332
502
465
310
329
664
396
788
838
779
488
918
230
990
794
549
221
307
124
342
674
154
440
358
379
691
471
216
869
342
426
462
219
611
204
589
416
979
631
444
940
527
312
387
897
860
681
327
472
436
483
467
896
375
253
717
611
418
975
203
337
903
257
785
799
128
952
732
184
543
577
959
916
338
410
902
158
363
891
638
223
497
663
260
762
864
602
506
965
683
909
183
861
802
595
292
886
734
721
868
721
321
669
586
211
995
910
257
552
390
350
292
522
316
421
552
722
347
433
888
893
170
475
552
822
997
448
563
137
591
901
629
900
313
463
933
287
382
460
653
961
201
170
459
308
653
152
688
115
959
963
378
393
771
292
854
483
875
678
457
875
150
183
297
610
558
193
166
428
507
819
967
379
709
183
929
103
684
941
833
801
336
808
337
204
310
514
524
757
829
564
830
678
857
207
837
106
134
611
523
404
180
241
458
896
344
223
171
362
938
190
506
897
928
349
400
869
772
821
518
457
826
795
941
253
643
725
677
664
353
492
652
522
423
234
368
148
990
978
838
700
668
756
563
257
178
819
232
771
996
474
467
158
417
224
918
665
928
837
875
125
305
325
205
367
666
637
926
331
767
982
190
157
814
756
618
396
708
225
765
495
639
938
434
475
804
996
589
316
538
886
956
136
176
274
939
114
509
415
278
590
289
633
963
422
526
577
332
244
786
522
926
897
432
547
751
102
476
678
626
782
934
316
231
516
741
814
598
186
760
445
274
849
528
814
797
669
492
589
429
110
812
808
979
180
660
420
712
104
950
697
950
115
224
193
403
593
239
799
443
176
127
907
750
638
785
709
665
865
732
622
330
610
308
877
798
299
613
384
233
566
791
149
783
219
717
926
987
412
915
888
261
600
857
409
272
247
738
606
758
409
315
532
876
234
858
810
591
136
917
188
993
235
638
242
909
796
949
309
696
735
203
237
633
156
484
968
128
539
153
511
855
842
429
486
721
797
644
577
568
376
344
304
559
579
727
919
171
879
351
332
611
993
860
538
691
746
293
753
987
995
320
299
688
735
985
414
415
696
176
413
296
253
978
303
833
192
172
708
395
361
958
998
864
365
734
418
399
800
362
966
534
541
163
187
421
164
887
340
790
168
120
965
420
116
586
606
966
338
968
211
544
669
946
353
307
491
313
435
152
988
361
747
231
264
760
467
611
647
953
819
567
250
724
427
172
925
712
615
438
253
698
241
749
733
426
157
602
587
974
845
882
963
899
340
246
996
851
402
818
674
246
193
716
256
230
637
594
246
251
224
364
454
421
448
809
207
541
711
709
893
588
484
237
577
927
700
730
974
198
293
823
849
670
738
274
706
753
880
976
812
195
328
954
551
388
964
142
407
185
236
400
606
422
204
450
947
260
550
175
407
292
647
623
641
319
462
481
606
837
166
860
868
432
315
836
194
393
281
271
281
760
483
393
469
207
534
456
582
692
462
573
835
352
945
567
749
166
726
144
583
208
766
743
532
296
930
594
571
498
240
285
363
344
435
981
599
567
559
690
215
629
209
421
399
743
891
689
335
635
928
282
936
137
642
703
925
725
974
804
219
703
744
641
690
231
599
306
566
288
346
561
686
403
583
278
682
727
334
286
844
642
306
384
971
671
753
379
972
142
564
145
923
471
498
460
533
169
306
874
527
288
685
480
815
628
593
468
884
848
673
837
827
677
861
599
361
879
500
447
991
788
845
529
976
131
347
255
257
823
653
594
935
111
504
219
820
836
863
853
360
675
135
938
455
893
645
932
101
638
941
575
618
242
366
524
833
141
657
962
482
685
226
701
565
787
759
754
970
872
512
912
300
806
649
455
351
769
577
169
742
679
204
833
302
993
911
715
531
858
140
999
878
557
265
805
118
789
121
683
294
542
604
268
257
541
187
324
977
136
178
458
664
312
612
359
165
827
789
177
441
376
532
570
212
143
538
132
778
820
987
151
321
918
883
647
981
159
907
644
217
598
808
187
491
896
884
921
194
842
223
612
932
482
636
471
654
463
746
729
266
362
839
997
157
868
271
637
295
168
112
641
597
847
318
541
559
988
963
316
239
434
971
360
497
217
438
284
717
230
318
678
233
774
165
333
685
147
251
893
518
329
918
991
723
403
292
830
862
533
437
108
235
156
863
332
215
703
154
281
400
171
855
501
762
965
755
628
702
107
268
910
558
598
783
648
227
456
586
976
930
660
964
247
361
753
483
851
482
165
509
656
875
776
942
234
902
386
516
918
417
206
411
563
988
876
818
349
926
584
344
265
277
131
337
325
758
327
100
301
201
259
214
399
423
250
734
918
423
632
650
433
838
120
765
148
207
316
253
554
413
186
556
354
320
380
983
231
696
935
187
839
906
164
751
573
644
306
592
219
341
219
328
979
945
193
605
367
458
161
197
139
685
960
385
763
842
826
135
166
551
509
758
861
790
807
704
660
958
312
786
118
139
186
523
412
793
577
625
828
933
590
272
121
963
567
188
180
423
453
906
837
738
423
668
563
296
984
797
913
576
694
866
816
340
764
419
735
609
192
186
957
579
606
114
647
953
140
103
811
166
828
337
940
305
685
859
819
754
602
782
596
328
611
318
651
403
938
735
414
115
922
653
698
752
898
258
492
891
807
674
793
809
805
570
264
962
794
809
928
261
668
895
834
904
910
221
191
780
454
255
415
801
283
535
643
683
903
455
482
645
236
155
339
212
148
281
533
650
164
414
361
775
688
957
162
989
339
274
482
346
396
912
568
724
872
643
552
173
673
126
797
441
668
828
287
922
670
399
512
942
548
135
295
509
647
491
994
782
971
664
470
824
485
389
474
152
482
130
461
133
300
999
678
119
749
744
586
164
458
339
436
841
254
843
300
147
476
140
864
249
920
989
467
253
668
589
763
382
761
518
141
657
461
545
892
209
464
489
946
885
832
622
363
231
467
599
253
725
451
633
886
573
882
103
414
580
738
697
673
183
418
662
636
456
558
406
210
184
845
227
932
994
526
112
934
831
548
922
747
575
811
378
557
182
369
577
826
194
993
681
411
453
739
990
560
810
788
899
249
213
234
146
157
333
689
251
607
962
673
271
514
360
572
184
889
521
353
351
545
918
102
341
332
330
382
924
661
186
322
337
620
547
519
803
966
391
377
910
461
759
612
583
688
119
165
101
942
337
345
769
357
152
281
428
989
266
814
451
297
922
480
755
328
352
601
397
967
375
991
244
977
563
809
751
886
610
884
641
184
370
326
239
793
217
456
235
664
363
710
597
224
788
748
191
737
139
714
978
964
970
647
892
679
706
200
636
872
254
339
916
719
187
800
981
931
931
635
913
393
572
354
928
717
658
279
323
296
443
183
581
167
415
770
676
453
585
398
430
201
295
922
466
488
846
746
127
717
589
387
179
150
554
793
139
124
113
252
894
185
127
470
823
222
943
841
183
743
410
636
897
800
942
949
505
555
923
717
783
153
769
225
510
199
685
816
808
840
703
839
283
968
600
157
544
116
318
677
984
360
958
273
366
588
654
539
301
554
867
267
146
275
949
885
449
286
145
532
695
124
680
682
371
203
847
633
359
634
715
472
348
897
663
878
611
887
191
431
659
654
411
614
963
309
177
757
204
795
709
371
751
504
398
398
849
895
847
362
556
559
822
796
498
886
627
514
192
658
410
507
850
846
247
693
847
676
902
895
333
727
583
384
580
193
116
168
574
217
210
270
565
147
206
935
307
395
178
680
509
836
334
168
853
380
569
733
286
640
468
200
430
144
634
599
533
789
796
152
462
254
543
362
768
810
470
925
636
284
358
814
381
875
207
110
534
520
555
334
641
662
201
859
156
143
746
139
781
920
614
645
269
175
250
118
437
389
560
391
239
600
533
656
864
435
802
344
673
513
506
884
889
873
279
493
126
134
211
395
284
435
257
619
113
574
120
325
286
932
478
539
298
794
266
874
455
994
601
914
772
944
699
841
917
321
654
417
684
343
173
514
900
849
939
584
200
511
659
563
674
466
171
179
230
936
886
362
621
937
240
350
370
454
698
514
256
198
897
191
366
239
890
275
308
351
465
194
764
619
221
975
692
162
803
731
359
713
577
176
430
449
100
250
700
755
198
410
354
674
503
693
431
621
476
166
932
142
394
670
198
511
811
448
758
911
205
762
892
915
732
450
943
859
533
187
129
688
119
615
272
255
176
269
564
770
566
756
273
693
208
796
890
842
131
831
993
923
253
131
544
468
693
472
728
705
711
549
383
901
671
539
551
990
730
301
819
820
313
350
311
246
731
460
813
740
851
865
554
929
714
719
301
914
392
287
595
665
841
233
604
852
424
922
255
317
736
783
260
951
807
398
754
441
718
872
416
932
442
286
994
735
490
537
661
573
447
755
566
652
836
533
304
324
480
431
975
106
727
695
486
136
206
133
789
359
566
939
215
759
442
701
876
279
435
816
976
258
928
447
640
174
153
311
463
900
498
238
164
368
103
276
729
238
726
649
426
746
888
372
338
620
143
230
190
440
813
863
803
510
640
951
226
324
146
236
555
802
506
396
505
880
383
102
313
938
451
955
524
589
229
311
885
266
670
409
188
804
358
462
719
582
959
550
621
991
581
637
863
789
447
866
970
567
918
594
174
267
826
237
282
831
136
740
486
719
529
955
530
938
936
103
495
908
669
206
386
136
422
666
858
667
556
507
142
692
585
680
979
272
219
100
218
525
802
985
264
192
695
994
153
920
536
261
780
890
897
261
547
627
265
515
903
488
397
400
615
539
749
941
663
249
462
636
208
307
988
741
700
522
401
964
544
190
389
579
991
524
657
154
524
880
429
174
409
715
373
406
229
863
572
184
241
340
617
423
529
172
968
590
526
465
988
553
882
361
270
665
467
294
338
508
256
876
635
197
125
688
113
619
667
892
680
627
763
118
574
383
144
731
470
702
983
883
462
952
818
413
534
892
738
772
174
155
979
622
435
206
181
522
166
299
560
413
981
467
985
102
936
967
366
556
520
896
392
602
626
761
468
519
518
461
143
229
294
988
323
945
621
264
906
351
650
692
505
193
315
898
724
456
997
370
103
649
133
321
850
184
364
204
532
367
688
793
438
186
356
948
432
676
639
777
856
172
277
750
838
909
901
172
710
523
441
432
361
446
330
426
643
605
875
461
761
396
765
264
223
497
427
805
156
858
141
108
514
719
304
388
275
525
894
585
282
130
241
473
642
311
676
184
863
244
185
334
601
644
230
888
351
331
562
379
265
257
847
696
590
920
148
754
870
542
138
695
216
697
207
724
800
518
855
211
604
206
998
177
935
840
179
539
996
205
491
656
989
679
225
180
788
976
507
188
288
102
977
872
972
945
410
664
846
550
267
220
726
374
171
133
962
899
208
582
187
242
347
413
773
939
364
646
511
990
596
990
142
983
554
251
469
916
501
752
730
643
811
120
467
249
183
195
706
510
223
506
571
581
264
271
185
162
177
489
958
449
133
386
529
613
487
668
734
229
273
402
516
225
842
908
373
868
811
127
976
548
618
275
933
797
663
714
473
712
118
272
906
856
311
417
364
609
909
410
921
897
558
699
402
812
606
867
952
229
287
453
863
646
574
186
665
272
600
559
400
924
289
722
884
694
280
404
944
312
541
317
455
443
613
985
600
288
919
328
372
221
289
464
131
849
163
225
840
731
123
905
570
501
177
111
873
274
832
286
451
396
368
277
741
139
143
756
943
760
213
174
213
700
352
340
445
608
693
617
744
958
773
471
189
136
945
292
193
789
520
471
802
126
128
439
811
917
238
690
858
919
315
102
218
920
684
362
502
961
342
226
851
317
633
425
482
131
235